#define RAW_DATA_LEN 42
uint16_t rawData[RAW_DATA_LEN]={
	2378, 614, 1182, 610, 590, 610, 1178, 614, 
	590, 606, 1182, 610, 590, 610, 594, 606, 
	594, 606, 1178, 610, 594, 606, 1182, 610, 
	1182, 610, 1182, 610, 594, 606, 590, 606, 
	1186, 610, 594, 602, 594, 606, 1182, 610, 
	594, 1000};

#define RAW_DATA_LEN 42
uint16_t rawData[RAW_DATA_LEN]={
	2330, 658, 1134, 658, 534, 666, 1134, 658, 
	530, 670, 1134, 658, 530, 666, 534, 666, 
	530, 670, 1134, 658, 530, 666, 1138, 654, 
	1138, 654, 1138, 654, 534, 666, 534, 666, 
	1134, 658, 530, 666, 534, 666, 1138, 654, 
	534, 1000};

#define RAW_DATA_LEN 42
uint16_t rawData[RAW_DATA_LEN]={
	2382, 606, 1190, 602, 606, 594, 1186, 606, 
	606, 594, 1210, 582, 602, 598, 602, 594, 
	606, 594, 1186, 606, 602, 598, 1186, 602, 
	1190, 602, 1214, 578, 606, 594, 606, 594, 
	1210, 582, 606, 594, 602, 594, 1190, 602, 
	606, 1000};

#define RAW_DATA_LEN 42
uint16_t rawData[RAW_DATA_LEN]={
	2346, 642, 1118, 674, 606, 594, 1118, 674, 
	602, 594, 1118, 674, 602, 598, 598, 602, 
	594, 606, 1110, 678, 542, 658, 1114, 678, 
	1114, 678, 1114, 678, 538, 662, 534, 666, 
	1134, 658, 530, 666, 534, 666, 1134, 658, 
	534, 1000};
Do a cut-and-paste of the following lines into the 
designated location in rawSend.ino

#define RAW_DATA_LEN 42
uint16_t rawData[RAW_DATA_LEN]={
	2330, 658, 1134, 658, 534, 666, 1134, 658, 
	530, 666, 1138, 654, 534, 666, 534, 666, 
	530, 670, 1134, 654, 534, 666, 1138, 654, 
	1138, 654, 1138, 654, 534, 666, 534, 666, 
	1134, 658, 530, 666, 534, 666, 1134, 658, 
	534, 1000};
Do a cut-and-paste of the following lines into the 
designated location in rawSend.ino

#define RAW_DATA_LEN 42
uint16_t rawData[RAW_DATA_LEN]={
	2350, 638, 1118, 674, 634, 566, 1114, 678, 
	542, 658, 1110, 682, 538, 658, 538, 662, 
	534, 666, 1134, 658, 530, 666, 1138, 654, 
	1138, 654, 1138, 654, 534, 666, 534, 666, 
	1134, 658, 530, 666, 534, 666, 1138, 654, 
	534, 1000};
Do a cut-and-paste of the following lines into the 
designated location in rawSend.ino

#define RAW_DATA_LEN 42
uint16_t rawData[RAW_DATA_LEN]={
	2310, 678, 1138, 654, 534, 666, 1142, 650, 
	534, 662, 1142, 650, 538, 666, 530, 666, 
	534, 666, 1114, 678, 534, 666, 1138, 650, 
	1118, 674, 1114, 678, 538, 662, 534, 662, 
	1118, 678, 534, 662, 538, 662, 1114, 678, 
	534, 1000};
